700101
700102
700103
700104
700105
700106
700107
700108
700109
700110
700111
700112
700113
700114
700115
700116
700117
700118
700119
700120
700121
700122
700123
700124
700125
700126
700127
700128
700129
700130
700131
700201
700202
700203
700204
700205
700206
700207
700208
700209
700210
700211
700212
700213
700214
700215
700216
700217
700218
700219
700220
700221
700222
700223
700224
700225
700226
700227
700228
700229
700230
700231
700301
700302
700303
700304
700305
700306
700307
700308
700309
700310
700311
700312
700313
700314
700315
700316
700317
700318
700319
700320
700321
700322
700323
700324
700325
700326
700327
700328
700329
700330
700331
700401
700402
700403
700404
700405
700406
700407
700408
700409
700410
700411
700412
700413
700414
700415
700416
700417
700418
700419
700420
700421
700422
700423
700424
700425
700426
700427
700428
700429
700430
700431
700501
700502
700503
700504
700505
700506
700507
700508
700509
700510
700511
700512
700513
700514
700515
700516
700517
700518
700519
700520
700521
700522
700523
700524
700525
700526
700527
700528
700529
700530
700531
700601
700602
700603
700604
700605
700606
700607
700608
700609
700610
700611
700612
700613
700614
700615
700616
700617
700618
700619
700620
700621
700622
700623
700624
700625
700626
700627
700628
700629
700630
700631
700701
700702
700703
700704
700705
700706
700707
700708
700709
700710
700711
700712
700713
700714
700715
700716
700717
700718
700719
700720
700721
700722
700723
700724
700725
700726
700727
700728
700729
700730
700731
700801
700802
700803
700804
700805
700806
700807
700808
700809
700810
700811
700812
700813
700814
700815
700816
700817
700818
700819
700820
700821
700822
700823
700824
700825
700826
700827
700828
700829
700830
700831
700901
700902
700903
700904
700905
700906
700907
700908
700909
700910
700911
700912
700913
700914
700915
700916
700917
700918
700919
700920
700921
700922
700923
700924
700925
700926
700927
700928
700929
700930
700931
701001
701002
701003
701004
701005
701006
701007
701008
701009
701010
701011
701012
701013
701014
701015
701016
701017
701018
701019
701020
701021
701022
701023
701024
701025
701026
701027
701028
701029
701030
701031
701101
701102
701103
701104
701105
701106
701107
701108
701109
701110
701111
701112
701113
701114
701115
701116
701117
701118
701119
701120
701121
701122
701123
701124
701125
701126
701127
701128
701129
701130
701131
701201
701202
701203
701204
701205
701206
701207
701208
701209
701210
701211
701212
701213
701214
701215
701216
701217
701218
701219
701220
701221
701222
701223
701224
701225
701226
701227
701228
701229
701230
701231
710101
710102
710103
710104
710105
710106
710107
710108
710109
710110
710111
710112
710113
710114
710115
710116
710117
710118
710119
710120
710121
710122
710123
710124
710125
710126
710127
710128
710129
710130
710131
710201
710202
710203
710204
710205
710206
710207
710208
710209
710210
710211
710212
710213
710214
710215
710216
710217
710218
710219
710220
710221
710222
710223
710224
710225
710226
710227
710228
710229
710230
710231
710301
710302
710303
710304
710305
710306
710307
710308
710309
710310
710311
710312
710313
710314
710315
710316
710317
710318
710319
710320
710321
710322
710323
710324
710325
710326
710327
710328
710329
710330
710331
710401
710402
710403
710404
710405
710406
710407
710408
710409
710410
710411
710412
710413
710414
710415
710416
710417
710418
710419
710420
710421
710422
710423
710424
710425
710426
710427
710428
710429
710430
710431
710501
710502
710503
710504
710505
710506
710507
710508
710509
710510
710511
710512
710513
710514
710515
710516
710517
710518
710519
710520
710521
710522
710523
710524
710525
710526
710527
710528
710529
710530
710531
710601
710602
710603
710604
710605
710606
710607
710608
710609
710610
710611
710612
710613
710614
710615
710616
710617
710618
710619
710620
710621
710622
710623
710624
710625
710626
710627
710628
710629
710630
710631
710701
710702
710703
710704
710705
710706
710707
710708
710709
710710
710711
710712
710713
710714
710715
710716
710717
710718
710719
710720
710721
710722
710723
710724
710725
710726
710727
710728
710729
710730
710731
710801
710802
710803
710804
710805
710806
710807
710808
710809
710810
710811
710812
710813
710814
710815
710816
710817
710818
710819
710820
710821
710822
710823
710824
710825
710826
710827
710828
710829
710830
710831
710901
710902
710903
710904
710905
710906
710907
710908
710909
710910
710911
710912
710913
710914
710915
710916
710917
710918
710919
710920
710921
710922
710923
710924
710925
710926
710927
710928
710929
710930
710931
711001
711002
711003
711004
711005
711006
711007
711008
711009
711010
711011
711012
711013
711014
711015
711016
711017
711018
711019
711020
711021
711022
711023
711024
711025
711026
711027
711028
711029
711030
711031
711101
711102
711103
711104
711105
711106
711107
711108
711109
711110
711111
711112
711113
711114
711115
711116
711117
711118
711119
711120
711121
711122
711123
711124
711125
711126
711127
711128
711129
711130
711131
711201
711202
711203
711204
711205
711206
711207
711208
711209
711210
711211
711212
711213
711214
711215
711216
711217
711218
711219
711220
711221
711222
711223
711224
711225
711226
711227
711228
711229
711230
711231
720101
720102
720103
720104
720105
720106
720107
720108
720109
720110
720111
720112
720113
720114
720115
720116
720117
720118
720119
720120
720121
720122
720123
720124
720125
720126
720127
720128
720129
720130
720131
720201
720202
720203
720204
720205
720206
720207
720208
720209
720210
720211
720212
720213
720214
720215
720216
720217
720218
720219
720220
720221
720222
720223
720224
720225
720226
720227
720228
720229
720230
720231
720301
720302
720303
720304
720305
720306
720307
720308
720309
720310
720311
720312
720313
720314
720315
720316
720317
720318
720319
720320
720321
720322
720323
720324
720325
720326
720327
720328
720329
720330
720331
720401
720402
720403
720404
720405
720406
720407
720408
720409
720410
720411
720412
720413
720414
720415
720416
720417
720418
720419
720420
720421
720422
720423
720424
720425
720426
720427
720428
720429
720430
720431
720501
720502
720503
720504
720505
720506
720507
720508
720509
720510
720511
720512
720513
720514
720515
720516
720517
720518
720519
720520
720521
720522
720523
720524
720525
720526
720527
720528
720529
720530
720531
720601
720602
720603
720604
720605
720606
720607
720608
720609
720610
720611
720612
720613
720614
720615
720616
720617
720618
720619
720620
720621
720622
720623
720624
720625
720626
720627
720628
720629
720630
720631
720701
720702
720703
720704
720705
720706
720707
720708
720709
720710
720711
720712
720713
720714
720715
720716
720717
720718
720719
720720
720721
720722
720723
720724
720725
720726
720727
720728
720729
720730
720731
720801
720802
720803
720804
720805
720806
720807
720808
720809
720810
720811
720812
720813
720814
720815
720816
720817
720818
720819
720820
720821
720822
720823
720824
720825
720826
720827
720828
720829
720830
720831
720901
720902
720903
720904
720905
720906
720907
720908
720909
720910
720911
720912
720913
720914
720915
720916
720917
720918
720919
720920
720921
720922
720923
720924
720925
720926
720927
720928
720929
720930
720931
721001
721002
721003
721004
721005
721006
721007
721008
721009
721010
721011
721012
721013
721014
721015
721016
721017
721018
721019
721020
721021
721022
721023
721024
721025
721026
721027
721028
721029
721030
721031
721101
721102
721103
721104
721105
721106
721107
721108
721109
721110
721111
721112
721113
721114
721115
721116
721117
721118
721119
721120
721121
721122
721123
721124
721125
721126
721127
721128
721129
721130
721131
721201
721202
721203
721204
721205
721206
721207
721208
721209
721210
721211
721212
721213
721214
721215
721216
721217
721218
721219
721220
721221
721222
721223
721224
721225
721226
721227
721228
721229
721230
721231
730101
730102
730103
730104
730105
730106
730107
730108
730109
730110
730111
730112
730113
730114
730115
730116
730117
730118
730119
730120
730121
730122
730123
730124
730125
730126
730127
730128
730129
730130
730131
730201
730202
730203
730204
730205
730206
730207
730208
730209
730210
730211
730212
730213
730214
730215
730216
730217
730218
730219
730220
730221
730222
730223
730224
730225
730226
730227
730228
730229
730230
730231
730301
730302
730303
730304
730305
730306
730307
730308
730309
730310
730311
730312
730313
730314
730315
730316
730317
730318
730319
730320
730321
730322
730323
730324
730325
730326
730327
730328
730329
730330
730331
730401
730402
730403
730404
730405
730406
730407
730408
730409
730410
730411
730412
730413
730414
730415
730416
730417
730418
730419
730420
730421
730422
730423
730424
730425
730426
730427
730428
730429
730430
730431
730501
730502
730503
730504
730505
730506
730507
730508
730509
730510
730511
730512
730513
730514
730515
730516
730517
730518
730519
730520
730521
730522
730523
730524
730525
730526
730527
730528
730529
730530
730531
730601
730602
730603
730604
730605
730606
730607
730608
730609
730610
730611
730612
730613
730614
730615
730616
730617
730618
730619
730620
730621
730622
730623
730624
730625
730626
730627
730628
730629
730630
730631
730701
730702
730703
730704
730705
730706
730707
730708
730709
730710
730711
730712
730713
730714
730715
730716
730717
730718
730719
730720
730721
730722
730723
730724
730725
730726
730727
730728
730729
730730
730731
730801
730802
730803
730804
730805
730806
730807
730808
730809
730810
730811
730812
730813
730814
730815
730816
730817
730818
730819
730820
730821
730822
730823
730824
730825
730826
730827
730828
730829
730830
730831
730901
730902
730903
730904
730905
730906
730907
730908
730909
730910
730911
730912
730913
730914
730915
730916
730917
730918
730919
730920
730921
730922
730923
730924
730925
730926
730927
730928
730929
730930
730931
731001
731002
731003
731004
731005
731006
731007
731008
731009
731010
731011
731012
731013
731014
731015
731016
731017
731018
731019
731020
731021
731022
731023
731024
731025
731026
731027
731028
731029
731030
731031
731101
731102
731103
731104
731105
731106
731107
731108
731109
731110
731111
731112
731113
731114
731115
731116
731117
731118
731119
731120
731121
731122
731123
731124
731125
731126
731127
731128
731129
731130
731131
731201
731202
731203
731204
731205
731206
731207
731208
731209
731210
731211
731212
731213
731214
731215
731216
731217
731218
731219
731220
731221
731222
731223
731224
731225
731226
731227
731228
731229
731230
731231
740101
740102
740103
740104
740105
740106
740107
740108
740109
740110
740111
740112
740113
740114
740115
740116
740117
740118
740119
740120
740121
740122
740123
740124
740125
740126
740127
740128
740129
740130
740131
740201
740202
740203
740204
740205
740206
740207
740208
740209
740210
740211
740212
740213
740214
740215
740216
740217
740218
740219
740220
740221
740222
740223
740224
740225
740226
740227
740228
740229
740230
740231
740301
740302
740303
740304
740305
740306
740307
740308
740309
740310
740311
740312
740313
740314
740315
740316
740317
740318
740319
740320
740321
740322
740323
740324
740325
740326
740327
740328
740329
740330
740331
740401
740402
740403
740404
740405
740406
740407
740408
740409
740410
740411
740412
740413
740414
740415
740416
740417
740418
740419
740420
740421
740422
740423
740424
740425
740426
740427
740428
740429
740430
740431
740501
740502
740503
740504
740505
740506
740507
740508
740509
740510
740511
740512
740513
740514
740515
740516
740517
740518
740519
740520
740521
740522
740523
740524
740525
740526
740527
740528
740529
740530
740531
740601
740602
740603
740604
740605
740606
740607
740608
740609
740610
740611
740612
740613
740614
740615
740616
740617
740618
740619
740620
740621
740622
740623
740624
740625
740626
740627
740628
740629
740630
740631
740701
740702
740703
740704
740705
740706
740707
740708
740709
740710
740711
740712
740713
740714
740715
740716
740717
740718
740719
740720
740721
740722
740723
740724
740725
740726
740727
740728
740729
740730
740731
740801
740802
740803
740804
740805
740806
740807
740808
740809
740810
740811
740812
740813
740814
740815
740816
740817
740818
740819
740820
740821
740822
740823
740824
740825
740826
740827
740828
740829
740830
740831
740901
740902
740903
740904
740905
740906
740907
740908
740909
740910
740911
740912
740913
740914
740915
740916
740917
740918
740919
740920
740921
740922
740923
740924
740925
740926
740927
740928
740929
740930
740931
741001
741002
741003
741004
741005
741006
741007
741008
741009
741010
741011
741012
741013
741014
741015
741016
741017
741018
741019
741020
741021
741022
741023
741024
741025
741026
741027
741028
741029
741030
741031
741101
741102
741103
741104
741105
741106
741107
741108
741109
741110
741111
741112
741113
741114
741115
741116
741117
741118
741119
741120
741121
741122
741123
741124
741125
741126
741127
741128
741129
741130
741131
741201
741202
741203
741204
741205
741206
741207
741208
741209
741210
741211
741212
741213
741214
741215
741216
741217
741218
741219
741220
741221
741222
741223
741224
741225
741226
741227
741228
741229
741230
741231
750101
750102
750103
750104
750105
750106
750107
750108
750109
750110
750111
750112
750113
750114
750115
750116
750117
750118
750119
750120
750121
750122
750123
750124
750125
750126
750127
750128
750129
750130
750131
750201
750202
750203
750204
750205
750206
750207
750208
750209
750210
750211
750212
750213
750214
750215
750216
750217
750218
750219
750220
750221
750222
750223
750224
750225
750226
750227
750228
750229
750230
750231
750301
750302
750303
750304
750305
750306
750307
750308
750309
750310
750311
750312
750313
750314
750315
750316
750317
750318
750319
750320
750321
750322
750323
750324
750325
750326
750327
750328
750329
750330
750331
750401
750402
750403
750404
750405
750406
750407
750408
750409
750410
750411
750412
750413
750414
750415
750416
750417
750418
750419
750420
750421
750422
750423
750424
750425
750426
750427
750428
750429
750430
750431
750501
750502
750503
750504
750505
750506
750507
750508
750509
750510
750511
750512
750513
750514
750515
750516
750517
750518
750519
750520
750521
750522
750523
750524
750525
750526
750527
750528
750529
750530
750531
750601
750602
750603
750604
750605
750606
750607
750608
750609
750610
750611
750612
750613
750614
750615
750616
750617
750618
750619
750620
750621
750622
750623
750624
750625
750626
750627
750628
750629
750630
750631
750701
750702
750703
750704
750705
750706
750707
750708
750709
750710
750711
750712
750713
750714
750715
750716
750717
750718
750719
750720
750721
750722
750723
750724
750725
750726
750727
750728
750729
750730
750731
750801
750802
750803
750804
750805
750806
750807
750808
750809
750810
750811
750812
750813
750814
750815
750816
750817
750818
750819
750820
750821
750822
750823
750824
750825
750826
750827
750828
750829
750830
750831
750901
750902
750903
750904
750905
750906
750907
750908
750909
750910
750911
750912
750913
750914
750915
750916
750917
750918
750919
750920
750921
750922
750923
750924
750925
750926
750927
750928
750929
750930
750931
751001
751002
751003
751004
751005
751006
751007
751008
751009
751010
751011
751012
751013
751014
751015
751016
751017
751018
751019
751020
751021
751022
751023
751024
751025
751026
751027
751028
751029
751030
751031
751101
751102
751103
751104
751105
751106
751107
751108
751109
751110
751111
751112
751113
751114
751115
751116
751117
751118
751119
751120
751121
751122
751123
751124
751125
751126
751127
751128
751129
751130
751131
751201
751202
751203
751204
751205
751206
751207
751208
751209
751210
751211
751212
751213
751214
751215
751216
751217
751218
751219
751220
751221
751222
751223
751224
751225
751226
751227
751228
751229
751230
751231
760101
760102
760103
760104
760105
760106
760107
760108
760109
760110
760111
760112
760113
760114
760115
760116
760117
760118
760119
760120
760121
760122
760123
760124
760125
760126
760127
760128
760129
760130
760131
760201
760202
760203
760204
760205
760206
760207
760208
760209
760210
760211
760212
760213
760214
760215
760216
760217
760218
760219
760220
760221
760222
760223
760224
760225
760226
760227
760228
760229
760230
760231
760301
760302
760303
760304
760305
760306
760307
760308
760309
760310
760311
760312
760313
760314
760315
760316
760317
760318
760319
760320
760321
760322
760323
760324
760325
760326
760327
760328
760329
760330
760331
760401
760402
760403
760404
760405
760406
760407
760408
760409
760410
760411
760412
760413
760414
760415
760416
760417
760418
760419
760420
760421
760422
760423
760424
760425
760426
760427
760428
760429
760430
760431
760501
760502
760503
760504
760505
760506
760507
760508
760509
760510
760511
760512
760513
760514
760515
760516
760517
760518
760519
760520
760521
760522
760523
760524
760525
760526
760527
760528
760529
760530
760531
760601
760602
760603
760604
760605
760606
760607
760608
760609
760610
760611
760612
760613
760614
760615
760616
760617
760618
760619
760620
760621
760622
760623
760624
760625
760626
760627
760628
760629
760630
760631
760701
760702
760703
760704
760705
760706
760707
760708
760709
760710
760711
760712
760713
760714
760715
760716
760717
760718
760719
760720
760721
760722
760723
760724
760725
760726
760727
760728
760729
760730
760731
760801
760802
760803
760804
760805
760806
760807
760808
760809
760810
760811
760812
760813
760814
760815
760816
760817
760818
760819
760820
760821
760822
760823
760824
760825
760826
760827
760828
760829
760830
760831
760901
760902
760903
760904
760905
760906
760907
760908
760909
760910
760911
760912
760913
760914
760915
760916
760917
760918
760919
760920
760921
760922
760923
760924
760925
760926
760927
760928
760929
760930
760931
761001
761002
761003
761004
761005
761006
761007
761008
761009
761010
761011
761012
761013
761014
761015
761016
761017
761018
761019
761020
761021
761022
761023
761024
761025
761026
761027
761028
761029
761030
761031
761101
761102
761103
761104
761105
761106
761107
761108
761109
761110
761111
761112
761113
761114
761115
761116
761117
761118
761119
761120
761121
761122
761123
761124
761125
761126
761127
761128
761129
761130
761131
761201
761202
761203
761204
761205
761206
761207
761208
761209
761210
761211
761212
761213
761214
761215
761216
761217
761218
761219
761220
761221
761222
761223
761224
761225
761226
761227
761228
761229
761230
761231
770101
770102
770103
770104
770105
770106
770107
770108
770109
770110
770111
770112
770113
770114
770115
770116
770117
770118
770119
770120
770121
770122
770123
770124
770125
770126
770127
770128
770129
770130
770131
770201
770202
770203
770204
770205
770206
770207
770208
770209
770210
770211
770212
770213
770214
770215
770216
770217
770218
770219
770220
770221
770222
770223
770224
770225
770226
770227
770228
770229
770230
770231
770301
770302
770303
770304
770305
770306
770307
770308
770309
770310
770311
770312
770313
770314
770315
770316
770317
770318
770319
770320
770321
770322
770323
770324
770325
770326
770327
770328
770329
770330
770331
770401
770402
770403
770404
770405
770406
770407
770408
770409
770410
770411
770412
770413
770414
770415
770416
770417
770418
770419
770420
770421
770422
770423
770424
770425
770426
770427
770428
770429
770430
770431
770501
770502
770503
770504
770505
770506
770507
770508
770509
770510
770511
770512
770513
770514
770515
770516
770517
770518
770519
770520
770521
770522
770523
770524
770525
770526
770527
770528
770529
770530
770531
770601
770602
770603
770604
770605
770606
770607
770608
770609
770610
770611
770612
770613
770614
770615
770616
770617
770618
770619
770620
770621
770622
770623
770624
770625
770626
770627
770628
770629
770630
770631
770701
770702
770703
770704
770705
770706
770707
770708
770709
770710
770711
770712
770713
770714
770715
770716
770717
770718
770719
770720
770721
770722
770723
770724
770725
770726
770727
770728
770729
770730
770731
770801
770802
770803
770804
770805
770806
770807
770808
770809
770810
770811
770812
770813
770814
770815
770816
770817
770818
770819
770820
770821
770822
770823
770824
770825
770826
770827
770828
770829
770830
770831
770901
770902
770903
770904
770905
770906
770907
770908
770909
770910
770911
770912
770913
770914
770915
770916
770917
770918
770919
770920
770921
770922
770923
770924
770925
770926
770927
770928
770929
770930
770931
771001
771002
771003
771004
771005
771006
771007
771008
771009
771010
771011
771012
771013
771014
771015
771016
771017
771018
771019
771020
771021
771022
771023
771024
771025
771026
771027
771028
771029
771030
771031
771101
771102
771103
771104
771105
771106
771107
771108
771109
771110
771111
771112
771113
771114
771115
771116
771117
771118
771119
771120
771121
771122
771123
771124
771125
771126
771127
771128
771129
771130
771131
771201
771202
771203
771204
771205
771206
771207
771208
771209
771210
771211
771212
771213
771214
771215
771216
771217
771218
771219
771220
771221
771222
771223
771224
771225
771226
771227
771228
771229
771230
771231
780101
780102
780103
780104
780105
780106
780107
780108
780109
780110
780111
780112
780113
780114
780115
780116
780117
780118
780119
780120
780121
780122
780123
780124
780125
780126
780127
780128
780129
780130
780131
780201
780202
780203
780204
780205
780206
780207
780208
780209
780210
780211
780212
780213
780214
780215
780216
780217
780218
780219
780220
780221
780222
780223
780224
780225
780226
780227
780228
780229
780230
780231
780301
780302
780303
780304
780305
780306
780307
780308
780309
780310
780311
780312
780313
780314
780315
780316
780317
780318
780319
780320
780321
780322
780323
780324
780325
780326
780327
780328
780329
780330
780331
780401
780402
780403
780404
780405
780406
780407
780408
780409
780410
780411
780412
780413
780414
780415
780416
780417
780418
780419
780420
780421
780422
780423
780424
780425
780426
780427
780428
780429
780430
780431
780501
780502
780503
780504
780505
780506
780507
780508
780509
780510
780511
780512
780513
780514
780515
780516
780517
780518
780519
780520
780521
780522
780523
780524
780525
780526
780527
780528
780529
780530
780531
780601
780602
780603
780604
780605
780606
780607
780608
780609
780610
780611
780612
780613
780614
780615
780616
780617
780618
780619
780620
780621
780622
780623
780624
780625
780626
780627
780628
780629
780630
780631
780701
780702
780703
780704
780705
780706
780707
780708
780709
780710
780711
780712
780713
780714
780715
780716
780717
780718
780719
780720
780721
780722
780723
780724
780725
780726
780727
780728
780729
780730
780731
780801
780802
780803
780804
780805
780806
780807
780808
780809
780810
780811
780812
780813
780814
780815
780816
780817
780818
780819
780820
780821
780822
780823
780824
780825
780826
780827
780828
780829
780830
780831
780901
780902
780903
780904
780905
780906
780907
780908
780909
780910
780911
780912
780913
780914
780915
780916
780917
780918
780919
780920
780921
780922
780923
780924
780925
780926
780927
780928
780929
780930
780931
781001
781002
781003
781004
781005
781006
781007
781008
781009
781010
781011
781012
781013
781014
781015
781016
781017
781018
781019
781020
781021
781022
781023
781024
781025
781026
781027
781028
781029
781030
781031
781101
781102
781103
781104
781105
781106
781107
781108
781109
781110
781111
781112
781113
781114
781115
781116
781117
781118
781119
781120
781121
781122
781123
781124
781125
781126
781127
781128
781129
781130
781131
781201
781202
781203
781204
781205
781206
781207
781208
781209
781210
781211
781212
781213
781214
781215
781216
781217
781218
781219
781220
781221
781222
781223
781224
781225
781226
781227
781228
781229
781230
781231
790101
790102
790103
790104
790105
790106
790107
790108
790109
790110
790111
790112
790113
790114
790115
790116
790117
790118
790119
790120
790121
790122
790123
790124
790125
790126
790127
790128
790129
790130
790131
790201
790202
790203
790204
790205
790206
790207
790208
790209
790210
790211
790212
790213
790214
790215
790216
790217
790218
790219
790220
790221
790222
790223
790224
790225
790226
790227
790228
790229
790230
790231
790301
790302
790303
790304
790305
790306
790307
790308
790309
790310
790311
790312
790313
790314
790315
790316
790317
790318
790319
790320
790321
790322
790323
790324
790325
790326
790327
790328
790329
790330
790331
790401
790402
790403
790404
790405
790406
790407
790408
790409
790410
790411
790412
790413
790414
790415
790416
790417
790418
790419
790420
790421
790422
790423
790424
790425
790426
790427
790428
790429
790430
790431
790501
790502
790503
790504
790505
790506
790507
790508
790509
790510
790511
790512
790513
790514
790515
790516
790517
790518
790519
790520
790521
790522
790523
790524
790525
790526
790527
790528
790529
790530
790531
790601
790602
790603
790604
790605
790606
790607
790608
790609
790610
790611
790612
790613
790614
790615
790616
790617
790618
790619
790620
790621
790622
790623
790624
790625
790626
790627
790628
790629
790630
790631
790701
790702
790703
790704
790705
790706
790707
790708
790709
790710
790711
790712
790713
790714
790715
790716
790717
790718
790719
790720
790721
790722
790723
790724
790725
790726
790727
790728
790729
790730
790731
790801
790802
790803
790804
790805
790806
790807
790808
790809
790810
790811
790812
790813
790814
790815
790816
790817
790818
790819
790820
790821
790822
790823
790824
790825
790826
790827
790828
790829
790830
790831
790901
790902
790903
790904
790905
790906
790907
790908
790909
790910
790911
790912
790913
790914
790915
790916
790917
790918
790919
790920
790921
790922
790923
790924
790925
790926
790927
790928
790929
790930
790931
791001
791002
791003
791004
791005
791006
791007
791008
791009
791010
791011
791012
791013
791014
791015
791016
791017
791018
791019
791020
791021
791022
791023
791024
791025
791026
791027
791028
791029
791030
791031
791101
791102
791103
791104
791105
791106
791107
791108
791109
791110
791111
791112
791113
791114
791115
791116
791117
791118
791119
791120
791121
791122
791123
791124
791125
791126
791127
791128
791129
791130
791131
791201
791202
791203
791204
791205
791206
791207
791208
791209
791210
791211
791212
791213
791214
791215
791216
791217
791218
791219
791220
791221
791222
791223
791224
791225
791226
791227
791228
791229
791230
791231
800101
800102
800103
800104
800105
800106
800107
800108
800109
800110
800111
800112
800113
800114
800115
800116
800117
800118
800119
800120
800121
800122
800123
800124
800125
800126
800127
800128
800129
800130
800131
800201
800202
800203
800204
800205
800206
800207
800208
800209
800210
800211
800212
800213
800214
800215
800216
800217
800218
800219
800220
800221
800222
800223
800224
800225
800226
800227
800228
800229
800230
800231
800301
800302
800303
800304
800305
800306
800307
800308
800309
800310
800311
800312
800313
800314
800315
800316
800317
800318
800319
800320
800321
800322
800323
800324
800325
800326
800327
800328
800329
800330
800331
800401
800402
800403
800404
800405
800406
800407
800408
800409
800410
800411
800412
800413
800414
800415
800416
800417
800418
800419
800420
800421
800422
800423
800424
800425
800426
800427
800428
800429
800430
800431
800501
800502
800503
800504
800505
800506
800507
800508
800509
800510
800511
800512
800513
800514
800515
800516
800517
800518
800519
800520
800521
800522
800523
800524
800525
800526
800527
800528
800529
800530
800531
800601
800602
800603
800604
800605
800606
800607
800608
800609
800610
800611
800612
800613
800614
800615
800616
800617
800618
800619
800620
800621
800622
800623
800624
800625
800626
800627
800628
800629
800630
800631
800701
800702
800703
800704
800705
800706
800707
800708
800709
800710
800711
800712
800713
800714
800715
800716
800717
800718
800719
800720
800721
800722
800723
800724
800725
800726
800727
800728
800729
800730
800731
800801
800802
800803
800804
800805
800806
800807
800808
800809
800810
800811
800812
800813
800814
800815
800816
800817
800818
800819
800820
800821
800822
800823
800824
800825
800826
800827
800828
800829
800830
800831
800901
800902
800903
800904
800905
800906
800907
800908
800909
800910
800911
800912
800913
800914
800915
800916
800917
800918
800919
800920
800921
800922
800923
800924
800925
800926
800927
800928
800929
800930
800931
801001
801002
801003
801004
801005
801006
801007
801008
801009
801010
801011
801012
801013
801014
801015
801016
801017
801018
801019
801020
801021
801022
801023
801024
801025
801026
801027
801028
801029
801030
801031
801101
801102
801103
801104
801105
801106
801107
801108
801109
801110
801111
801112
801113
801114
801115
801116
801117
801118
801119
801120
801121
801122
801123
801124
801125
801126
801127
801128
801129
801130
801131
801201
801202
801203
801204
801205
801206
801207
801208
801209
801210
801211
801212
801213
801214
801215
801216
801217
801218
801219
801220
801221
801222
801223
801224
801225
801226
801227
801228
801229
801230
801231
810101
810102
810103
810104
810105
810106
810107
810108
810109
810110
810111
810112
810113
810114
810115
810116
810117
810118
810119
810120
810121
810122
810123
810124
810125
810126
810127
810128
810129
810130
810131
810201
810202
810203
810204
810205
810206
810207
810208
810209
810210
810211
810212
810213
810214
810215
810216
810217
810218
810219
810220
810221
810222
810223
810224
810225
810226
810227
810228
810229
810230
810231
810301
810302
810303
810304
810305
810306
810307
810308
810309
810310
810311
810312
810313
810314
810315
810316
810317
810318
810319
810320
810321
810322
810323
810324
810325
810326
810327
810328
810329
810330
810331
810401
810402
810403
810404
810405
810406
810407
810408
810409
810410
810411
810412
810413
810414
810415
810416
810417
810418
810419
810420
810421
810422
810423
810424
810425
810426
810427
810428
810429
810430
810431
810501
810502
810503
810504
810505
810506
810507
810508
810509
810510
810511
810512
810513
810514
810515
810516
810517
810518
810519
810520
810521
810522
810523
810524
810525
810526
810527
810528
810529
810530
810531
810601
810602
810603
810604
810605
810606
810607
810608
810609
810610
810611
810612
810613
810614
810615
810616
810617
810618
810619
810620
810621
810622
810623
810624
810625
810626
810627
810628
810629
810630
810631
810701
810702
810703
810704
810705
810706
810707
810708
810709
810710
810711
810712
810713
810714
810715
810716
810717
810718
810719
810720
810721
810722
810723
810724
810725
810726
810727
810728
810729
810730
810731
810801
810802
810803
810804
810805
810806
810807
810808
810809
810810
810811
810812
810813
810814
810815
810816
810817
810818
810819
810820
810821
810822
810823
810824
810825
810826
810827
810828
810829
810830
810831
810901
810902
810903
810904
810905
810906
810907
810908
810909
810910
810911
810912
810913
810914
810915
810916
810917
810918
810919
810920
810921
810922
810923
810924
810925
810926
810927
810928
810929
810930
810931
811001
811002
811003
811004
811005
811006
811007
811008
811009
811010
811011
811012
811013
811014
811015
811016
811017
811018
811019
811020
811021
811022
811023
811024
811025
811026
811027
811028
811029
811030
811031
811101
811102
811103
811104
811105
811106
811107
811108
811109
811110
811111
811112
811113
811114
811115
811116
811117
811118
811119
811120
811121
811122
811123
811124
811125
811126
811127
811128
811129
811130
811131
811201
811202
811203
811204
811205
811206
811207
811208
811209
811210
811211
811212
811213
811214
811215
811216
811217
811218
811219
811220
811221
811222
811223
811224
811225
811226
811227
811228
811229
811230
811231
820101
820102
820103
820104
820105
820106
820107
820108
820109
820110
820111
820112
820113
820114
820115
820116
820117
820118
820119
820120
820121
820122
820123
820124
820125
820126
820127
820128
820129
820130
820131
820201
820202
820203
820204
820205
820206
820207
820208
820209
820210
820211
820212
820213
820214
820215
820216
820217
820218
820219
820220
820221
820222
820223
820224
820225
820226
820227
820228
820229
820230
820231
820301
820302
820303
820304
820305
820306
820307
820308
820309
820310
820311
820312
820313
820314
820315
820316
820317
820318
820319
820320
820321
820322
820323
820324
820325
820326
820327
820328
820329
820330
820331
820401
820402
820403
820404
820405
820406
820407
820408
820409
820410
820411
820412
820413
820414
820415
820416
820417
820418
820419
820420
820421
820422
820423
820424
820425
820426
820427
820428
820429
820430
820431
820501
820502
820503
820504
820505
820506
820507
820508
820509
820510
820511
820512
820513
820514
820515
820516
820517
820518
820519
820520
820521
820522
820523
820524
820525
820526
820527
820528
820529
820530
820531
820601
820602
820603
820604
820605
820606
820607
820608
820609
820610
820611
820612
820613
820614
820615
820616
820617
820618
820619
820620
820621
820622
820623
820624
820625
820626
820627
820628
820629
820630
820631
820701
820702
820703
820704
820705
820706
820707
820708
820709
820710
820711
820712
820713
820714
820715
820716
820717
820718
820719
820720
820721
820722
820723
820724
820725
820726
820727
820728
820729
820730
820731
820801
820802
820803
820804
820805
820806
820807
820808
820809
820810
820811
820812
820813
820814
820815
820816
820817
820818
820819
820820
820821
820822
820823
820824
820825
820826
820827
820828
820829
820830
820831
820901
820902
820903
820904
820905
820906
820907
820908
820909
820910
820911
820912
820913
820914
820915
820916
820917
820918
820919
820920
820921
820922
820923
820924
820925
820926
820927
820928
820929
820930
820931
821001
821002
821003
821004
821005
821006
821007
821008
821009
821010
821011
821012
821013
821014
821015
821016
821017
821018
821019
821020
821021
821022
821023
821024
821025
821026
821027
821028
821029
821030
821031
821101
821102
821103
821104
821105
821106
821107
821108
821109
821110
821111
821112
821113
821114
821115
821116
821117
821118
821119
821120
821121
821122
821123
821124
821125
821126
821127
821128
821129
821130
821131
821201
821202
821203
821204
821205
821206
821207
821208
821209
821210
821211
821212
821213
821214
821215
821216
821217
821218
821219
821220
821221
821222
821223
821224
821225
821226
821227
821228
821229
821230
821231
830101
830102
830103
830104
830105
830106
830107
830108
830109
830110
830111
830112
830113
830114
830115
830116
830117
830118
830119
830120
830121
830122
830123
830124
830125
830126
830127
830128
830129
830130
830131
830201
830202
830203
830204
830205
830206
830207
830208
830209
830210
830211
830212
830213
830214
830215
830216
830217
830218
830219
830220
830221
830222
830223
830224
830225
830226
830227
830228
830229
830230
830231
830301
830302
830303
830304
830305
830306
830307
830308
830309
830310
830311
830312
830313
830314
830315
830316
830317
830318
830319
830320
830321
830322
830323
830324
830325
830326
830327
830328
830329
830330
830331
830401
830402
830403
830404
830405
830406
830407
830408
830409
830410
830411
830412
830413
830414
830415
830416
830417
830418
830419
830420
830421
830422
830423
830424
830425
830426
830427
830428
830429
830430
830431
830501
830502
830503
830504
830505
830506
830507
830508
830509
830510
830511
830512
830513
830514
830515
830516
830517
830518
830519
830520
830521
830522
830523
830524
830525
830526
830527
830528
830529
830530
830531
830601
830602
830603
830604
830605
830606
830607
830608
830609
830610
830611
830612
830613
830614
830615
830616
830617
830618
830619
830620
830621
830622
830623
830624
830625
830626
830627
830628
830629
830630
830631
830701
830702
830703
830704
830705
830706
830707
830708
830709
830710
830711
830712
830713
830714
830715
830716
830717
830718
830719
830720
830721
830722
830723
830724
830725
830726
830727
830728
830729
830730
830731
830801
830802
830803
830804
830805
830806
830807
830808
830809
830810
830811
830812
830813
830814
830815
830816
830817
830818
830819
830820
830821
830822
830823
830824
830825
830826
830827
830828
830829
830830
830831
830901
830902
830903
830904
830905
830906
830907
830908
830909
830910
830911
830912
830913
830914
830915
830916
830917
830918
830919
830920
830921
830922
830923
830924
830925
830926
830927
830928
830929
830930
830931
831001
831002
831003
831004
831005
831006
831007
831008
831009
831010
831011
831012
831013
831014
831015
831016
831017
831018
831019
831020
831021
831022
831023
831024
831025
831026
831027
831028
831029
831030
831031
831101
831102
831103
831104
831105
831106
831107
831108
831109
831110
831111
831112
831113
831114
831115
831116
831117
831118
831119
831120
831121
831122
831123
831124
831125
831126
831127
831128
831129
831130
831131
831201
831202
831203
831204
831205
831206
831207
831208
831209
831210
831211
831212
831213
831214
831215
831216
831217
831218
831219
831220
831221
831222
831223
831224
831225
831226
831227
831228
831229
831230
831231
840101
840102
840103
840104
840105
840106
840107
840108
840109
840110
840111
840112
840113
840114
840115
840116
840117
840118
840119
840120
840121
840122
840123
840124
840125
840126
840127
840128
840129
840130
840131
840201
840202
840203
840204
840205
840206
840207
840208
840209
840210
840211
840212
840213
840214
840215
840216
840217
840218
840219
840220
840221
840222
840223
840224
840225
840226
840227
840228
840229
840230
840231
840301
840302
840303
840304
840305
840306
840307
840308
840309
840310
840311
840312
840313
840314
840315
840316
840317
840318
840319
840320
840321
840322
840323
840324
840325
840326
840327
840328
840329
840330
840331
840401
840402
840403
840404
840405
840406
840407
840408
840409
840410
840411
840412
840413
840414
840415
840416
840417
840418
840419
840420
840421
840422
840423
840424
840425
840426
840427
840428
840429
840430
840431
840501
840502
840503
840504
840505
840506
840507
840508
840509
840510
840511
840512
840513
840514
840515
840516
840517
840518
840519
840520
840521
840522
840523
840524
840525
840526
840527
840528
840529
840530
840531
840601
840602
840603
840604
840605
840606
840607
840608
840609
840610
840611
840612
840613
840614
840615
840616
840617
840618
840619
840620
840621
840622
840623
840624
840625
840626
840627
840628
840629
840630
840631
840701
840702
840703
840704
840705
840706
840707
840708
840709
840710
840711
840712
840713
840714
840715
840716
840717
840718
840719
840720
840721
840722
840723
840724
840725
840726
840727
840728
840729
840730
840731
840801
840802
840803
840804
840805
840806
840807
840808
840809
840810
840811
840812
840813
840814
840815
840816
840817
840818
840819
840820
840821
840822
840823
840824
840825
840826
840827
840828
840829
840830
840831
840901
840902
840903
840904
840905
840906
840907
840908
840909
840910
840911
840912
840913
840914
840915
840916
840917
840918
840919
840920
840921
840922
840923
840924
840925
840926
840927
840928
840929
840930
840931
841001
841002
841003
841004
841005
841006
841007
841008
841009
841010
841011
841012
841013
841014
841015
841016
841017
841018
841019
841020
841021
841022
841023
841024
841025
841026
841027
841028
841029
841030
841031
841101
841102
841103
841104
841105
841106
841107
841108
841109
841110
841111
841112
841113
841114
841115
841116
841117
841118
841119
841120
841121
841122
841123
841124
841125
841126
841127
841128
841129
841130
841131
841201
841202
841203
841204
841205
841206
841207
841208
841209
841210
841211
841212
841213
841214
841215
841216
841217
841218
841219
841220
841221
841222
841223
841224
841225
841226
841227
841228
841229
841230
841231
850101
850102
850103
850104
850105
850106
850107
850108
850109
850110
850111
850112
850113
850114
850115
850116
850117
850118
850119
850120
850121
850122
850123
850124
850125
850126
850127
850128
850129
850130
850131
850201
850202
850203
850204
850205
850206
850207
850208
850209
850210
850211
850212
850213
850214
850215
850216
850217
850218
850219
850220
850221
850222
850223
850224
850225
850226
850227
850228
850229
850230
850231
850301
850302
850303
850304
850305
850306
850307
850308
850309
850310
850311
850312
850313
850314
850315
850316
850317
850318
850319
850320
850321
850322
850323
850324
850325
850326
850327
850328
850329
850330
850331
850401
850402
850403
850404
850405
850406
850407
850408
850409
850410
850411
850412
850413
850414
850415
850416
850417
850418
850419
850420
850421
850422
850423
850424
850425
850426
850427
850428
850429
850430
850431
850501
850502
850503
850504
850505
850506
850507
850508
850509
850510
850511
850512
850513
850514
850515
850516
850517
850518
850519
850520
850521
850522
850523
850524
850525
850526
850527
850528
850529
850530
850531
850601
850602
850603
850604
850605
850606
850607
850608
850609
850610
850611
850612
850613
850614
850615
850616
850617
850618
850619
850620
850621
850622
850623
850624
850625
850626
850627
850628
850629
850630
850631
850701
850702
850703
850704
850705
850706
850707
850708
850709
850710
850711
850712
850713
850714
850715
850716
850717
850718
850719
850720
850721
850722
850723
850724
850725
850726
850727
850728
850729
850730
850731
850801
850802
850803
850804
850805
850806
850807
850808
850809
850810
850811
850812
850813
850814
850815
850816
850817
850818
850819
850820
850821
850822
850823
850824
850825
850826
850827
850828
850829
850830
850831
850901
850902
850903
850904
850905
850906
850907
850908
850909
850910
850911
850912
850913
850914
850915
850916
850917
850918
850919
850920
850921
850922
850923
850924
850925
850926
850927
850928
850929
850930
850931
851001
851002
851003
851004
851005
851006
851007
851008
851009
851010
851011
851012
851013
851014
851015
851016
851017
851018
851019
851020
851021
851022
851023
851024
851025
851026
851027
851028
851029
851030
851031
851101
851102
851103
851104
851105
851106
851107
851108
851109
851110
851111
851112
851113
851114
851115
851116
851117
851118
851119
851120
851121
851122
851123
851124
851125
851126
851127
851128
851129
851130
851131
851201
851202
851203
851204
851205
851206
851207
851208
851209
851210
851211
851212
851213
851214
851215
851216
851217
851218
851219
851220
851221
851222
851223
851224
851225
851226
851227
851228
851229
851230
851231
860101
860102
860103
860104
860105
860106
860107
860108
860109
860110
860111
860112
860113
860114
860115
860116
860117
860118
860119
860120
860121
860122
860123
860124
860125
860126
860127
860128
860129
860130
860131
860201
860202
860203
860204
860205
860206
860207
860208
860209
860210
860211
860212
860213
860214
860215
860216
860217
860218
860219
860220
860221
860222
860223
860224
860225
860226
860227
860228
860229
860230
860231
860301
860302
860303
860304
860305
860306
860307
860308
860309
860310
860311
860312
860313
860314
860315
860316
860317
860318
860319
860320
860321
860322
860323
860324
860325
860326
860327
860328
860329
860330
860331
860401
860402
860403
860404
860405
860406
860407
860408
860409
860410
860411
860412
860413
860414
860415
860416
860417
860418
860419
860420
860421
860422
860423
860424
860425
860426
860427
860428
860429
860430
860431
860501
860502
860503
860504
860505
860506
860507
860508
860509
860510
860511
860512
860513
860514
860515
860516
860517
860518
860519
860520
860521
860522
860523
860524
860525
860526
860527
860528
860529
860530
860531
860601
860602
860603
860604
860605
860606
860607
860608
860609
860610
860611
860612
860613
860614
860615
860616
860617
860618
860619
860620
860621
860622
860623
860624
860625
860626
860627
860628
860629
860630
860631
860701
860702
860703
860704
860705
860706
860707
860708
860709
860710
860711
860712
860713
860714
860715
860716
860717
860718
860719
860720
860721
860722
860723
860724
860725
860726
860727
860728
860729
860730
860731
860801
860802
860803
860804
860805
860806
860807
860808
860809
860810
860811
860812
860813
860814
860815
860816
860817
860818
860819
860820
860821
860822
860823
860824
860825
860826
860827
860828
860829
860830
860831
860901
860902
860903
860904
860905
860906
860907
860908
860909
860910
860911
860912
860913
860914
860915
860916
860917
860918
860919
860920
860921
860922
860923
860924
860925
860926
860927
860928
860929
860930
860931
861001
861002
861003
861004
861005
861006
861007
861008
861009
861010
861011
861012
861013
861014
861015
861016
861017
861018
861019
861020
861021
861022
861023
861024
861025
861026
861027
861028
861029
861030
861031
861101
861102
861103
861104
861105
861106
861107
861108
861109
861110
861111
861112
861113
861114
861115
861116
861117
861118
861119
861120
861121
861122
861123
861124
861125
861126
861127
861128
861129
861130
861131
861201
861202
861203
861204
861205
861206
861207
861208
861209
861210
861211
861212
861213
861214
861215
861216
861217
861218
861219
861220
861221
861222
861223
861224
861225
861226
861227
861228
861229
861230
861231
870101
870102
870103
870104
870105
870106
870107
870108
870109
870110
870111
870112
870113
870114
870115
870116
870117
870118
870119
870120
870121
870122
870123
870124
870125
870126
870127
870128
870129
870130
870131
870201
870202
870203
870204
870205
870206
870207
870208
870209
870210
870211
870212
870213
870214
870215
870216
870217
870218
870219
870220
870221
870222
870223
870224
870225
870226
870227
870228
870229
870230
870231
870301
870302
870303
870304
870305
870306
870307
870308
870309
870310
870311
870312
870313
870314
870315
870316
870317
870318
870319
870320
870321
870322
870323
870324
870325
870326
870327
870328
870329
870330
870331
870401
870402
870403
870404
870405
870406
870407
870408
870409
870410
870411
870412
870413
870414
870415
870416
870417
870418
870419
870420
870421
870422
870423
870424
870425
870426
870427
870428
870429
870430
870431
870501
870502
870503
870504
870505
870506
870507
870508
870509
870510
870511
870512
870513
870514
870515
870516
870517
870518
870519
870520
870521
870522
870523
870524
870525
870526
870527
870528
870529
870530
870531
870601
870602
870603
870604
870605
870606
870607
870608
870609
870610
870611
870612
870613
870614
870615
870616
870617
870618
870619
870620
870621
870622
870623
870624
870625
870626
870627
870628
870629
870630
870631
870701
870702
870703
870704
870705
870706
870707
870708
870709
870710
870711
870712
870713
870714
870715
870716
870717
870718
870719
870720
870721
870722
870723
870724
870725
870726
870727
870728
870729
870730
870731
870801
870802
870803
870804
870805
870806
870807
870808
870809
870810
870811
870812
870813
870814
870815
870816
870817
870818
870819
870820
870821
870822
870823
870824
870825
870826
870827
870828
870829
870830
870831
870901
870902
870903
870904
870905
870906
870907
870908
870909
870910
870911
870912
870913
870914
870915
870916
870917
870918
870919
870920
870921
870922
870923
870924
870925
870926
870927
870928
870929
870930
870931
871001
871002
871003
871004
871005
871006
871007
871008
871009
871010
871011
871012
871013
871014
871015
871016
871017
871018
871019
871020
871021
871022
871023
871024
871025
871026
871027
871028
871029
871030
871031
871101
871102
871103
871104
871105
871106
871107
871108
871109
871110
871111
871112
871113
871114
871115
871116
871117
871118
871119
871120
871121
871122
871123
871124
871125
871126
871127
871128
871129
871130
871131
871201
871202
871203
871204
871205
871206
871207
871208
871209
871210
871211
871212
871213
871214
871215
871216
871217
871218
871219
871220
871221
871222
871223
871224
871225
871226
871227
871228
871229
871230
871231
880101
880102
880103
880104
880105
880106
880107
880108
880109
880110
880111
880112
880113
880114
880115
880116
880117
880118
880119
880120
880121
880122
880123
880124
880125
880126
880127
880128
880129
880130
880131
880201
880202
880203
880204
880205
880206
880207
880208
880209
880210
880211
880212
880213
880214
880215
880216
880217
880218
880219
880220
880221
880222
880223
880224
880225
880226
880227
880228
880229
880230
880231
880301
880302
880303
880304
880305
880306
880307
880308
880309
880310
880311
880312
880313
880314
880315
880316
880317
880318
880319
880320
880321
880322
880323
880324
880325
880326
880327
880328
880329
880330
880331
880401
880402
880403
880404
880405
880406
880407
880408
880409
880410
880411
880412
880413
880414
880415
880416
880417
880418
880419
880420
880421
880422
880423
880424
880425
880426
880427
880428
880429
880430
880431
880501
880502
880503
880504
880505
880506
880507
880508
880509
880510
880511
880512
880513
880514
880515
880516
880517
880518
880519
880520
880521
880522
880523
880524
880525
880526
880527
880528
880529
880530
880531
880601
880602
880603
880604
880605
880606
880607
880608
880609
880610
880611
880612
880613
880614
880615
880616
880617
880618
880619
880620
880621
880622
880623
880624
880625
880626
880627
880628
880629
880630
880631
880701
880702
880703
880704
880705
880706
880707
880708
880709
880710
880711
880712
880713
880714
880715
880716
880717
880718
880719
880720
880721
880722
880723
880724
880725
880726
880727
880728
880729
880730
880731
880801
880802
880803
880804
880805
880806
880807
880808
880809
880810
880811
880812
880813
880814
880815
880816
880817
880818
880819
880820
880821
880822
880823
880824
880825
880826
880827
880828
880829
880830
880831
880901
880902
880903
880904
880905
880906
880907
880908
880909
880910
880911
880912
880913
880914
880915
880916
880917
880918
880919
880920
880921
880922
880923
880924
880925
880926
880927
880928
880929
880930
880931
881001
881002
881003
881004
881005
881006
881007
881008
881009
881010
881011
881012
881013
881014
881015
881016
881017
881018
881019
881020
881021
881022
881023
881024
881025
881026
881027
881028
881029
881030
881031
881101
881102
881103
881104
881105
881106
881107
881108
881109
881110
881111
881112
881113
881114
881115
881116
881117
881118
881119
881120
881121
881122
881123
881124
881125
881126
881127
881128
881129
881130
881131
881201
881202
881203
881204
881205
881206
881207
881208
881209
881210
881211
881212
881213
881214
881215
881216
881217
881218
881219
881220
881221
881222
881223
881224
881225
881226
881227
881228
881229
881230
881231
890101
890102
890103
890104
890105
890106
890107
890108
890109
890110
890111
890112
890113
890114
890115
890116
890117
890118
890119
890120
890121
890122
890123
890124
890125
890126
890127
890128
890129
890130
890131
890201
890202
890203
890204
890205
890206
890207
890208
890209
890210
890211
890212
890213
890214
890215
890216
890217
890218
890219
890220
890221
890222
890223
890224
890225
890226
890227
890228
890229
890230
890231
890301
890302
890303
890304
890305
890306
890307
890308
890309
890310
890311
890312
890313
890314
890315
890316
890317
890318
890319
890320
890321
890322
890323
890324
890325
890326
890327
890328
890329
890330
890331
890401
890402
890403
890404
890405
890406
890407
890408
890409
890410
890411
890412
890413
890414
890415
890416
890417
890418
890419
890420
890421
890422
890423
890424
890425
890426
890427
890428
890429
890430
890431
890501
890502
890503
890504
890505
890506
890507
890508
890509
890510
890511
890512
890513
890514
890515
890516
890517
890518
890519
890520
890521
890522
890523
890524
890525
890526
890527
890528
890529
890530
890531
890601
890602
890603
890604
890605
890606
890607
890608
890609
890610
890611
890612
890613
890614
890615
890616
890617
890618
890619
890620
890621
890622
890623
890624
890625
890626
890627
890628
890629
890630
890631
890701
890702
890703
890704
890705
890706
890707
890708
890709
890710
890711
890712
890713
890714
890715
890716
890717
890718
890719
890720
890721
890722
890723
890724
890725
890726
890727
890728
890729
890730
890731
890801
890802
890803
890804
890805
890806
890807
890808
890809
890810
890811
890812
890813
890814
890815
890816
890817
890818
890819
890820
890821
890822
890823
890824
890825
890826
890827
890828
890829
890830
890831
890901
890902
890903
890904
890905
890906
890907
890908
890909
890910
890911
890912
890913
890914
890915
890916
890917
890918
890919
890920
890921
890922
890923
890924
890925
890926
890927
890928
890929
890930
890931
891001
891002
891003
891004
891005
891006
891007
891008
891009
891010
891011
891012
891013
891014
891015
891016
891017
891018
891019
891020
891021
891022
891023
891024
891025
891026
891027
891028
891029
891030
891031
891101
891102
891103
891104
891105
891106
891107
891108
891109
891110
891111
891112
891113
891114
891115
891116
891117
891118
891119
891120
891121
891122
891123
891124
891125
891126
891127
891128
891129
891130
891131
891201
891202
891203
891204
891205
891206
891207
891208
891209
891210
891211
891212
891213
891214
891215
891216
891217
891218
891219
891220
891221
891222
891223
891224
891225
891226
891227
891228
891229
891230
891231
900101
900102
900103
900104
900105
900106
900107
900108
900109
900110
900111
900112
900113
900114
900115
900116
900117
900118
900119
900120
900121
900122
900123
900124
900125
900126
900127
900128
900129
900130
900131
900201
900202
900203
900204
900205
900206
900207
900208
900209
900210
900211
900212
900213
900214
900215
900216
900217
900218
900219
900220
900221
900222
900223
900224
900225
900226
900227
900228
900229
900230
900231
900301
900302
900303
900304
900305
900306
900307
900308
900309
900310
900311
900312
900313
900314
900315
900316
900317
900318
900319
900320
900321
900322
900323
900324
900325
900326
900327
900328
900329
900330
900331
900401
900402
900403
900404
900405
900406
900407
900408
900409
900410
900411
900412
900413
900414
900415
900416
900417
900418
900419
900420
900421
900422
900423
900424
900425
900426
900427
900428
900429
900430
900431
900501
900502
900503
900504
900505
900506
900507
900508
900509
900510
900511
900512
900513
900514
900515
900516
900517
900518
900519
900520
900521
900522
900523
900524
900525
900526
900527
900528
900529
900530
900531
900601
900602
900603
900604
900605
900606
900607
900608
900609
900610
900611
900612
900613
900614
900615
900616
900617
900618
900619
900620
900621
900622
900623
900624
900625
900626
900627
900628
900629
900630
900631
900701
900702
900703
900704
900705
900706
900707
900708
900709
900710
900711
900712
900713
900714
900715
900716
900717
900718
900719
900720
900721
900722
900723
900724
900725
900726
900727
900728
900729
900730
900731
900801
900802
900803
900804
900805
900806
900807
900808
900809
900810
900811
900812
900813
900814
900815
900816
900817
900818
900819
900820
900821
900822
900823
900824
900825
900826
900827
900828
900829
900830
900831
900901
900902
900903
900904
900905
900906
900907
900908
900909
900910
900911
900912
900913
900914
900915
900916
900917
900918
900919
900920
900921
900922
900923
900924
900925
900926
900927
900928
900929
900930
900931
901001
901002
901003
901004
901005
901006
901007
901008
901009
901010
901011
901012
901013
901014
901015
901016
901017
901018
901019
901020
901021
901022
901023
901024
901025
901026
901027
901028
901029
901030
901031
901101
901102
901103
901104
901105
901106
901107
901108
901109
901110
901111
901112
901113
901114
901115
901116
901117
901118
901119
901120
901121
901122
901123
901124
901125
901126
901127
901128
901129
901130
901131
901201
901202
901203
901204
901205
901206
901207
901208
901209
901210
901211
901212
901213
901214
901215
901216
901217
901218
901219
901220
901221
901222
901223
901224
901225
901226
901227
901228
901229
901230
901231
